Accuracy: 0.7272727272727273
Precision: 0.59375
Recall: 0.7037037037037037
F1 Score: 0.6440677966101694
