Accuracy: 0.7337662337662337
Precision: 0.5970149253731343
Recall: 0.7407407407407407
F1 Score: 0.6611570247933884
