Accuracy: 0.6948051948051948
Precision: 0.5555555555555556
Recall: 0.6481481481481481
F1 Score: 0.5982905982905983
